-2.79166e+07
-6.85292e+06
-1.61643e+06
-396466
-97077.5
-23432.3
-5745.83
-1365.93
-335.039
-81.8675
-20.1121
-4.81103
-0.795109
0.00348806
-0.284809
-0.378216
0.110389
0.428221
0.0777751
-0.23633
-0.0800575
0.293971
0.217202
-0.275209
-0.402421
0.214463
0.559857
0.119501
-0.134422
-0.119957
0.273008
0.340898
-0.218126
-0.376809
0.135912
0.4787
-0.0569129
-0.396923
-0.154872
0.333449
0.285884
-0.193582
-0.333958
0.191501
0.390934
-0.0361004
-0.32775
-0.0874674
0.404757
0.0768476
-0.392976
-0.255851
0.209581
0.277134
0.00910072
-0.425374
-0.0347748
0.298557
0.0356787
-0.439466
-0.437623
0.0976074
0.272368
-0.108127
-0.51163
-0.119985
0.39761
0.145474
-0.228808
-0.32469
0.161955
0.398694
-0.177117
-0.454358
-0.118934
0.370038
0.172791
-0.287345
-0.302479
0.16623
0.346816
-0.0527763
-0.374761
-0.0914745
0.340873
0.201106
-0.271128
-0.31007
0.158083
0.351613
-0.0400655
-0.373874
-0.100774
0.332125
0.209818
-0.265695
-0.316481
0.145993
0.354246
-0.0288553
-0.373244
-0.114129
0.330068
0.216699
-0.258452
-0.325237
0.13114
0.358127
-0.0176331
-0.374143
-0.131345
0.31735
0.223204
-0.250059
-0.331272
0.117207
0.357983
-0.00641383
-0.374098
-0.148095
0.307247
0.232437
-0.240767
-0.338929
0.105935
0.354778
-0.000281796
-0.375453
-0.159704
0.302821
0.237317
-0.235901
-0.349658
0.0904138
0.355419
0.00871824
-0.374101
-0.170428
0.291661
0.24136
-0.227459
-0.351265
0.0781629
0.353216
0.0180834
-0.372438
-0.181448
0.286678
0.248504
-0.222739
-0.360288
0.066846
0.35335
0.0307919
-0.37135
-0.196158
0.273837
0.256222
-0.21093
-0.366567
0.0481895
0.354753
0.0392129
-0.369883
-0.209651
0.264661
0.263749
-0.203185
-0.373829
0.0357224
0.350015
0.0479011
-0.366056
-0.224018
0.252331
0.266072
-0.200164
-0.381842
0.0204162
0.344633
0.0523296
-0.369607
-0.239815
0.240813
0.268841
-0.190919
-0.392095
0.000446856
0.338687
0.0610414
-0.368091
-0.252503
0.225121
0.274594
-0.180018
-0.395951
-0.0131743
0.332587
0.0688603
-0.362708
-0.264943
0.212691
0.272488
-0.179631
-0.404211
-0.032488
0.326015
0.0761769
-0.362842
-0.275314
0.200412
0.276268
-0.168775
-0.407661
-0.0483321
0.317739
0.0808546
-0.361059
-0.293669
0.183589
0.275578
-0.163464
-0.416718
-0.0665134
0.309354
0.0876533
-0.361499
-0.304407
0.170406
0.275714
-0.157359
-0.420471
-0.0854834
0.303353
0.0914831
-0.359439
-0.318628
0.155683
0.272343
-0.153028
-0.429377
-0.102406
0.28862
0.0934045
-0.361174
-0.335644
0.137333
0.27013
-0.150571
-0.43371
-0.116236
0.280921
0.0975498
-0.359056
-0.349545
0.120101
0.268657
-0.144499
-0.441173
-0.139245
0.271203
0.101358
-0.359608
-0.365014
0.0994065
0.261903
-0.140733
-0.450703
-0.157963
0.258184
0.103934
-0.358301
-0.380801
0.0800299
