0.0076
0.0042
0.0076
-0.002
-0.0032
0.001
-0.001
0.0037
-0.0012
0.0032
-0.0005
0.001
0.0017
0.0037
0.0269
0.0574
-0.0286
-0.1001
-0.0708
-0.208
-0.0825
0.0713
0.0625
0.095
0.1265
-0.2209
-0.3181
-0.1262
-0.3904
0.0903
0.1116
-0.2366
0.0005
0.1333
-0.011
-0.2393
0.1042
0.041
0.0916
-0.0125
-0.1619
-0.1018
0.093
-0.0618
-0.063
-0.0068
-0.0813
0.021
-0.1196
0.2559
0.1721
-0.103
-0.0256
0.1401
-0.1931
0.1423
-0.0659
0.1128
0.2319
0.2222
0.2271
0.1157
0.0916
0.0303
0.2505
0.0544
-0.1155
0.0825
-0.1321
0.0916
0.0225
-0.1123
0.2388
0.0979
0.0396
-0.0652
0.0461
0.0098
0.001
0.0049
0.0061
0.0027
-0.001
0
-0.0034
-0.0029
0.0012
0.0037
-0.0027
0.0029
-0.001
-0.002
-0.0056
0.0034
-0.0051
0.0037
0.0005
-0.0017
0.0012
-0.0024
-0.0034
-0.0061
-0.0063
0.0005
0.0034
0.0007
0.0005
-0.0044
-0.0015
-0.001
0.0002
0.0022
0.002
0.0017
-0.0027
0.0022
-0.0027
-0.0032
0
0.0061
0.0046
-0.002
-0.0007
-0.0022
-0.0027
0.0049
0.0037
0.002
0.0012
-0.0027
0.0034
0.0032
0.0042
0.001
0.001
0.0029
0.0007
-0.0002
0.0044
0.0049
-0.0015
-0.0049
0.002
0.0039
0.0022
-0.0007
-0.0034
-0.0034
0.0054
0.0049
-0.0024
-0.0046
0.0017
-0.0037
0.0007
-0.0005
0.0015
-0.0005
-0.0029
-0.0027
0.0022
-0.0076
-0.0007
-0.0005
-0.0012
-0.0022
-0.0051
-0.0027
-0.0024
-0.0037
-0.0037
-0.0017
-0.0056
0.0012
-0.001
-0.002
0.0046
-0.0024
-0.0051
-0.0007
0.0054
0.0022
0.0027
-0.0032
0.0005
0.0007
0.0049
0.0007
0
0.0034
0.0024
0.0005
0.0029
-0.0063
-0.0056
0.0015
-0.0027
0.0024
0.0017
-0.0051
0.0002
0.002
0.002
0.0044
0.0017
0.0017
0.002
0.001
-0.0017
-0.0073
0.0002
-0.0017
-0.0029
-0.0024
0.0007
0.0046
0.0034
-0.0032
0.0015
0.0024
0
-0.0015
0.002
0.001
0.0051
0.001
0.0007
-0.0056
-0.0005
0.0002
-0.0017
-0.0032
0.0046
-0.0012
0.0044
-0.0015
-0.0051
-0.0034
0.0046
-0.002
0.001
0.0022
0.0085
0.0037
0.0017
0.001
-0.0002
0.0022
0.0017
-0.0042
-0.0049
0.0044
0.0037
-0.0005
0.0005
-0.001
-0.0012
-0.0007
-0.0022
0.002
-0.0022
0.0017
0.002
0.0012
0.0022
0.002
-0.0017
0.0027
-0.0015
-0.0027
-0.0007
0.0002
0.0032
0.001
